X,Amsterdam,Berlin,Copenhagen,London,Moscow,Rome,Warsaw
Amsterdam,0,365,381,220,1325,808,673
Berlin,365,0,225,575,995,730,320
Copenhagen,381,225,0,590,970,948,415
London,220,575,590,0,1540,890,890
Moscow,1325,995,970,1540,0,1462,710
Rome,808,730,948,890,1462,0,810
Warsaw,673,320,415,890,710,810,0